0 0 0 1 100.0220 0.0000
0 1 0 0 35.0150 0.1918
0 0 0 1 100.0110 0.0000
0 0 0 1 100.0950 0.0000
0 0 0 1 100.0960 0.0000
0 0 0 1 100.0130 0.0000
0 0 0 1 100.0490 0.0000
0 0 0 1 100.0090 0.0000
0 0 0 1 100.0970 0.0000
0 0 0 1 100.0430 0.0000
0 0 0 1 100.0910 0.0000
0 0 0 1 100.0380 0.0000
0 0 1 0 1.4470 0.0000
0 0 1 0 1.4470 0.0000
0 0 1 0 1.4450 0.0000
0 0 1 0 1.4470 0.0000
0 0 0 1 100.0080 0.0000
0 0 1 0 1.4470 0.0000
0 0 1 0 1.4470 0.0000
0 0 1 0 1.4620 0.0000
0 0 1 0 1.4440 0.0000
0 0 1 0 1.4460 0.0000
0 0 0 1 100.0180 0.0000
0 0 0 1 100.0900 0.0000
0 0 0 1 100.0470 0.0000
0 0 0 1 100.0490 0.0000
